,Genotype,Inferred fitness
0,...................,0.10258744
1,VI..........YC.....,0.3581884
2,VIW...NGE.I.YC.KS.L,4.497146
3,VIW...N.E.I.YC.KS.L,3.0289862
4,VIW...N.....YC.KS.L,0.61091715
5,VIW...NG...PYC.K..L,1.4496189
6,V..S......I.YCDK...,0.5332365
7,VIW..DN.....YC.KS.L,0.65002245
8,VIW...NGE.I.YC.KSKL,1.4966079
9,.......G...PYCDKS..,1.774972
10,V.....N...I.YC.K..L,1.5628747
11,VIW...N.E.I.YC.KSKL,1.1191057
12,VI..........YC.K...,0.81396985
13,V...........YC.....,0.32979012
14,...........PYCDK...,0.29832268
15,V..................,0.16093665
16,V..S......I.YC.K...,0.35758948
17,VIW...NG....YC.KS.L,1.3915002
18,VI....N...I.YC....L,0.2941032
19,VI.........PYC.....,0.38448384
20,VI......E.I.YCD....,1.0690271
21,VIW...N...I.YC..S.L,1.6959802
22,VIW.....E.I.YC.KS..,1.8988559
23,VIW..D.GE.I.YC.KS.L,3.749218
24,VI.S........YC.....,0.37615928
25,V.W...N.E.I.YC.K..L,0.15887858
26,VI.................,0.18328829
27,VIW...N.ERI.YC.KSKL,4.892661
28,VI....N.E.I.YC.KS..,3.4439168
29,VIWS.DNGE.I.YC.KS.L,43.27215
30,VIW.........YC.....,0.32618728
31,VIW...NGE.I.YC.KS..,0.52851665
32,........E.I.YCDKS.L,0.4909662
33,VIWS.DN.E.I.YC.KS.L,2.924066
34,VI..G......PYCDK...,1.8107132
35,V...G......PYCDKS..,1.8422841
36,...SG.N.E.I.YC....L,0.37592253
37,VI.....GE.I.YCDKS.L,5.023637
38,VI.........PYC.K...,0.64391863
39,...S...G...........,0.4362289
40,VI..........YC.KS..,2.0880437
41,............YC.....,0.2598531
42,VIW...N.ERI.YC.KS.L,4.298689
43,VIW..DN.ERI.YC.KSKL,1.2532877
44,V..........PYCDKS..,1.5245582
45,VIW.....E.I.YC.KS.L,1.2655916
46,VIW...N....PYCDKS.L,0.49551094
47,VI..........YC..S..,0.38871735
48,...........PYCDKS..,0.4420999
49,V.W.G.N....PYC.KS.L,0.97836506
50,V..........PYC.....,0.38618013
51,VIW..DNGE.I.YC.KS.L,3.0500822
52,..W...N....PYC.KS..,0.27049884
53,..........I.YCDKS..,0.38316458
54,VIWS.DN.ERI.YC.KSKL,215.45975
55,V...GD.....PYCDKS..,0.61863995
56,VIWS..NGE.I.YC.KS.L,28.686264
57,VIW...N.....YC.KSKL,0.45708364
58,........ERI......K.,0.4946798
59,VI.........PYCDKS..,0.7932916
